Conso
0.19
0.19
0.19
0.19
0.19
0.19
0.19
0.19
0.19
0.19
0.19
0.19
0.19
0.19
0.19
0.19
0.19
0.19
0.19
0.19
0.19
0.19
0.19
0.19
0.19
0.19
0.19
0.19
0.19
0.19
0.19
0.19
0.19
0.19
0.19
0.19
0.19
0.19
0.19
0.19
0.19
0.19
0.19
0.19
0.19
0.19
0.19
0.19
0.19
0.19
0.19
0.17
0.14
0.14
0.14
0.14
0.14
0.14
0.14
0.14
0.14
0.14
0.14
0.14
0.14
0.14
0.14
0.14
0.18
0.22
0.22
0.22
0.22
0.22
0.22
0.22
0.22
0.22
0.21
0.21
0.21
0.21
0.21
0.21
0.21
0.21
0.21
0.21
0.21
0.21
0.21
0.21
0.2
0.2
0.2
0.2
0.2
0.25
0.25
0.24
0.24
0.24
0.25
0.24
0.24
0.24
0.24
0.24
0.2
0.17
0.17
0.18
0.18
0.18
0.18
0.18
0.17
0.18
0.17
0.18
0.17
0.18
0.18
0.18
0.18
0.18
0.18
0.18
0.18
0.17
0.17
0.17
0.17
0.17
0.17
0.17
0.17
0.17
0.17
0.17
0.17
0.17
0.17
0.17
0.17
0.17
0.17
0.17
0.17
0.17
0.17
0.17
0.17
0.17
0.17
0.17
0.17
0.17
0.17
0.17
0.17
0.17
0.17
0.17
0.17
0.17
0.17
0.17
0.17
0.17
0.17
0.17
0.17
0.17
0.17
0.17
0.17
0.17
0.17
0.17
0.17
0.17
0.17
0.17
0.17
0.17
0.17
0.17
0.17
0.17
0.17
0.17
0.17
0.17
0.17
0.17
0.17
0.17
0.17
0.17
0.17
0.17
0.17
0.17
0.17
0.17
0.17
0.17
0.17
0.17
0.17
0.17
0.17
0.17
0.17
0.17
0.17
0.17
0.17
0.17
0.17
0.17
0.17
0.17
0.17
0.17
0.17
0.17
0.17
0.17
0.23
0.25
0.25
0.25
0.25
0.25
0.25
0.24
0.24
0.24
0.25
0.24
0.24
0.24
0.24
0.24
0.24
0.24
0.24
0.24
0.24
0.24
0.24
0.24
0.24
0.24
0.24
0.24
0.24
0.24
0.23
0.24
0.24
0.24
0.23
0.24
0.23
0.23
0.23
0.23
0.23
0.23
0.23
0.23
0.23
0.18
0.17
0.17
0.17
0.17
0.17
0.17
0.17
0.17
0.17
0.17
0.17
0.17
0.17
0.17
0.17
0.17
0.17
0.17
0.17
0.17
0.17
0.17
0.17
0.17
0.17
0.17
0.17
0.17
0.17
0.17
0.17
0.17
0.17
0.17
0.17
0.17
0.17
0.17
0.17
0.17
0.17
0.17
0.17
0.17
0.17
0.17
0.17
0.17
0.17
0.17
0.17
0.17
0.17
0.17
0.17
0.17
0.17
0.17
0.17
0.17
0.17
0.17
0.17
0.17
0.17
0.17
0.17
0.17
0.17
0.17
0.17
0.17
0.17
0.17
0.17
0.17
0.17
0.17
0.17
0.17
0.18
0.17
0.18
0.17
0.17
0.17
0.17
0.17
0.17
0.17
0.17
0.17
0.18
0.18
0.18
0.18
0.18
0.18
0.18
0.18
0.17
0.18
0.17
0.18
0.18
0.17
0.17
0.17
0.18
0.17
0.17
0.17
0.17
0.17
0.18
0.17
0.17
0.17
0.17
0.17
0.2
0.27
0.25
0.25
0.25
0.25
0.25
0.25
0.25
0.25
0.25
0.25
0.25
0.25
0.25
0.25
0.24
0.25
0.24
0.24
0.25
0.24
0.24
0.24
0.25
0.25
0.25
0.25
0.24
0.24
0.24
0.24
0.24
0.24
0.24
0.24
0.24
0.24
0.24
0.24
0.24
0.24
0.24
0.2
0.17
0.17
0.17
0.17
0.17
0.17
0.17
0.17
0.17
0.17
0.17
0.17
0.17
0.17
0.17
0.17
0.17
0.17
0.17
0.17
0.17
0.17
0.17
0.17
0.17
0.17
0.17
0.17
0.17
0.17
0.17
0.17
0.17
0.17
0.17
0.17
0.17
0.17
0.17
0.17
0.17
0.17
0.17
0.17
0.17
0.17
0.17
0.17
0.17
0.16
0.16
0.15
0.14
0.14
0.14
0.14
0.14
0.14
0.14
0.14
0.14
0.25
1.51
1.51
1.51
1.51
1.52
0.65
1.5
1.65
1.65
1.65
1.62
1.53
1.52
1.52
1.52
1.52
1.5
0.63
1.53
1.53
1.52
1.51
1.51
1.51
1.5
1.51
1.51
1.51
0.64
1.5
1.51
1.51
1.52
1.52
1.51
1.51
1.51
1.51
1.5
0.67
1.33
1.5
1.5
1.5
1.49
1.49
1.5
1.49
1.49
1.49
0.66
1.31
1.48
1.48
1.48
1.49
1.48
1.48
1.48
1.48
1.48
0.68
1.31
1.48
1.47
1.47
1.47
1.47
1.47
1.47
1.47
1.47
0.67
1.29
0.38
0.21
0.21
0.21
0.21
0.21
0.21
0.21
0.21
0.22
0.21
0.21
0.21
0.21
0.21
0.21
0.21
0.21
0.21
0.21
0.21
0.21
0.21
0.21
0.22
0.22
0.22
0.22
0.22
0.22
0.22
0.22
0.22
0.22
0.22
0.22
0.22
0.22
0.22
0.22
0.22
0.22
0.22
0.22
0.22
0.22
0.21
0.21
0.21
0.21
0.21
0.21
0.21
0.21
0.21
0.3
0.29
0.29
0.29
0.29
0.29
0.29
0.29
0.29
0.29
0.29
0.29
0.29
0.29
0.29
0.28
0.29
0.29
0.28
0.28
0.28
0.28
0.28
0.28
0.28
0.28
0.28
0.28
0.28
0.27
0.28
0.27
0.27
0.27
0.27
0.27
0.27
0.27
0.27
0.27
0.27
0.27
0.27
0.27
0.27
0.27
0.27
0.27
0.27
0.27
0.27
0.27
0.27
0.24
0.2
0.2
0.2
0.2
0.2
0.2
0.2
0.2
0.2
0.2
0.21
0.2
0.2
0.21
0.21
0.2
0.21
0.21
0.21
0.21
0.21
0.21
0.21
0.21
0.21
0.21
0.21
0.21
0.21
0.21
0.21
0.21
0.21
0.21
0.21
0.21
0.21
0.21
0.21
0.21
0.21
0.21
0.22
0.22
0.22
0.22
0.22
0.22
0.22
0.22
0.22
0.22
0.22
0.21
0.22
0.22
0.22
0.21
0.22
0.22
0.22
0.21
0.21
0.22
0.21
0.21
0.21
0.21
0.21
0.21
0.21
0.21
0.21
0.2
0.21
0.2
0.21
0.21
0.2
0.17
0.17
0.17
0.17
0.17
0.17
0.17
0.17
0.17
0.17
0.17
0.17
0.17
0.17
0.17
0.17
0.17
0.17
0.17
0.17
0.17
0.17
0.17
0.17
0.17
0.17
0.17
0.17
0.17
0.17
0.17
0.17
0.17
0.17
0.17
0.17
0.17
0.17
0.17
0.17
0.17
0.17
0.17
0.17
0.17
0.17
0.17
0.17
0.17
0.17
0.17
0.17
0.29
0.25
0.25
0.25
0.25
0.25
0.26
0.33
0.38
0.29
0.27
0.25
0.25
0.25
0.24
0.25
0.25
0.24
0.25
0.24
0.29
0.25
0.24
0.24
0.24
0.24
0.24
0.24
0.24
0.24
0.24
0.24
0.24
0.24
0.24
0.24
0.23
0.23
0.23
0.23
0.23
0.23
0.23
0.23
0.23
0.23
0.18
0.16
0.17
0.17
0.17
0.17
0.17
0.17
0.16
0.16
0.16
0.16
0.16
0.17
0.17
0.17
0.17
0.17
0.17
0.17
0.17
0.17
0.17
0.17
0.17
0.17
0.16
0.16
0.16
0.16
0.16
0.16
0.16
0.17
0.16
0.16
0.16
0.16
0.16
0.16
0.16
0.16
0.16
0.16
0.16
0.16
0.17
0.17
0.17
0.17
0.17
0.17
0.17
0.17
0.17
0.17
0.17
0.17
0.17
0.17
0.17
0.17
0.17
0.17
0.17
0.17
0.17
0.17
0.17
0.17
0.17
0.17
0.17
0.17
0.17
0.17
0.17
0.17
0.17
0.17
0.17
0.17
0.17
0.17
0.17
0.17
0.17
0.17
0.17
0.17
0.16
0.17
0.17
0.17
0.17
0.17
0.17
0.17
0.17
0.17
0.17
0.17
0.17
0.17
0.17
0.17
0.16
0.17
0.17
0.17
0.16
0.17
0.16
0.17
0.16
0.16
0.16
0.16
0.16
0.16
0.16
0.16
0.16
0.16
0.16
0.16
0.16
0.17
0.17
0.17
0.16
0.16
0.16
0.17
0.17
0.17
0.16
0.17
0.17
0.17
0.17
0.17
0.16
0.16
0.16
0.16
0.16
0.16
0.17
0.17
0.16
